1,-3.188396,55.944425,290,-3.1882933939570024,55.944143092213764,rush.crown.link
2,-3.1882933939570024,55.944143092213764,200,-3.188575301743238,55.94404048617076,null
3,-3.188575301743238,55.94404048617076,200,-3.188857209529474,55.94393788012776,noted.friday.jams
4,-3.188857209529474,55.94393788012776,140,-3.1890870228624095,55.94413071641067,spoon.invest.every
5,-3.1890870228624095,55.94413071641067,250,-3.189189628905407,55.94384880862443,null
6,-3.189189628905407,55.94384880862443,250,-3.1892922349484047,55.94356690083819,null
7,-3.1892922349484047,55.94356690083819,250,-3.1893948409914024,55.943284993051954,rents.cone.stove
8,-3.1893948409914024,55.943284993051954,190,-3.189690283317306,55.94323289859865,null
9,-3.189690283317306,55.94323289859865,190,-3.18998572564321,55.94318080414535,shows.fries.lamp
10,-3.18998572564321,55.94318080414535,290,-3.1898831196002124,55.94289889635911,null
11,-3.1898831196002124,55.94289889635911,300,-3.1897331196002123,55.94263908873798,hooked.shine.third
12,-3.1897331196002123,55.94263908873798,170,-3.190028561926116,55.94269118319128,null
13,-3.190028561926116,55.94269118319128,170,-3.19032400425202,55.94274327764458,null
14,-3.19032400425202,55.94274327764458,160,-3.1906059120382557,55.94284588368758,tonic.bliss.cove
15,-3.1906059120382557,55.94284588368758,120,-3.190755912038256,55.943105691308716,relate.chill.vest
16,-3.190755912038256,55.943105691308716,110,-3.1908585180812534,55.943387599094955,null
17,-3.1908585180812534,55.943387599094955,120,-3.1910085180812535,55.94364740671609,null
18,-3.1910085180812535,55.94364740671609,110,-3.191111124124251,55.94392931450233,spicy.bunch.shady
19,-3.191111124124251,55.94392931450233,80,-3.191059029670951,55.944224756828234,null
20,-3.191059029670951,55.944224756828234,90,-3.191059029670951,55.94452475682824,paying.crowd.weep
21,-3.191059029670951,55.94452475682824,90,-3.191059029670951,55.94482475682824,estate.gave.votes
22,-3.191059029670951,55.94482475682824,80,-3.191006935217651,55.94512019915415,maple.limit.hotels
23,-3.191006935217651,55.94512019915415,20,-3.1907250274314154,55.94522280519715,null
24,-3.1907250274314154,55.94522280519715,20,-3.1904431196451797,55.94532541124015,null
25,-3.1904431196451797,55.94532541124015,20,-3.190161211858944,55.94542801728315,null
26,-3.190161211858944,55.94542801728315,10,-3.18986576953304,55.94548011173645,turkey.limit.ramp
27,-3.18986576953304,55.94548011173645,20,-3.1895838617468044,55.94558271777945,null
28,-3.1895838617468044,55.94558271777945,20,-3.1893019539605687,55.94568532382245,museum.spicy.horns
29,-3.1893019539605687,55.94568532382245,110,-3.1894045600035663,55.94596723160869,coherent.saints.stuck
30,-3.1894045600035663,55.94596723160869,320,-3.1891747466706306,55.945774395325785,null
31,-3.1891747466706306,55.945774395325785,320,-3.188944933337695,55.94558155904288,null
32,-3.188944933337695,55.94558155904288,310,-3.188752097054789,55.94535174570994,shady.soft.phones
33,-3.188752097054789,55.94535174570994,70,-3.1886494910117915,55.94563365349618,null
34,-3.1886494910117915,55.94563365349618,80,-3.1885973965584915,55.94592909582209,boost.radar.stress
35,-3.1885973965584915,55.94592909582209,0,-3.1882973965584913,55.94592909582209,null
36,-3.1882973965584913,55.94592909582209,0,-3.187997396558491,55.94592909582209,null
37,-3.187997396558491,55.94592909582209,0,-3.187697396558491,55.94592909582209,null
38,-3.187697396558491,55.94592909582209,0,-3.1873973965584907,55.94592909582209,slips.mass.baking
39,-3.1873973965584907,55.94592909582209,310,-3.187204560275585,55.94569928248915,null
40,-3.187204560275585,55.94569928248915,310,-3.187011723992679,55.945469469156215,null
41,-3.187011723992679,55.945469469156215,310,-3.1868188877097734,55.94523965582328,dragon.bottle.crisp
42,-3.1868188877097734,55.94523965582328,250,-3.186921493752771,55.94495774803704,null
43,-3.186921493752771,55.94495774803704,290,-3.1868188877097734,55.9446758402508,artist.gets.react
44,-3.1868188877097734,55.9446758402508,200,-3.187100795496009,55.9445732342078,null
45,-3.187100795496009,55.9445732342078,200,-3.187382703282245,55.9444706281648,only.fairly.rift
46,-3.187382703282245,55.9444706281648,260,-3.187434797735545,55.944175185838894,null
47,-3.187434797735545,55.944175185838894,260,-3.187486892188845,55.94387974351299,begins.spider.drips
48,-3.187486892188845,55.94387974351299,240,-3.187636892188845,55.94361993589185,null
49,-3.187636892188845,55.94361993589185,240,-3.187786892188845,55.94336012827072,gums.clock.modes
50,-3.187786892188845,55.94336012827072,200,-3.1880687999750807,55.94325752222772,null
51,-3.1880687999750807,55.94325752222772,190,-3.1883642423009846,55.943205427774416,null
52,-3.1883642423009846,55.943205427774416,200,-3.1886461500872203,55.943102821731415,groups.ideas.script
53,-3.1886461500872203,55.943102821731415,350,-3.1883507077613165,55.94305072727811,null
54,-3.1883507077613165,55.94305072727811,350,-3.1880552654354126,55.94299863282481,null
55,-3.1880552654354126,55.94299863282481,350,-3.187759823109509,55.94294653837151,null
56,-3.187759823109509,55.94294653837151,350,-3.187464380783605,55.942894443918206,null
57,-3.187464380783605,55.942894443918206,0,-3.1871643807836048,55.942894443918206,null
58,-3.1871643807836048,55.942894443918206,350,-3.186868938457701,55.942842349464904,null
59,-3.186868938457701,55.942842349464904,0,-3.1865689384577007,55.942842349464904,null
60,-3.1865689384577007,55.942842349464904,350,-3.186273496131797,55.9427902550116,under.retire.bump
61,-3.186273496131797,55.9427902550116,10,-3.185978053805893,55.942842349464904,null
62,-3.185978053805893,55.942842349464904,0,-3.185678053805893,55.942842349464904,dent.shins.cycle
63,-3.185678053805893,55.942842349464904,60,-3.1855280538058928,55.94310215708604,null
64,-3.1855280538058928,55.94310215708604,60,-3.1853780538058927,55.94336196470717,null
65,-3.1853780538058927,55.94336196470717,50,-3.185185217522987,55.94359177804011,hello.love.keys
66,-3.185185217522987,55.94359177804011,90,-3.185185217522987,55.94389177804011,null
67,-3.185185217522987,55.94389177804011,90,-3.185185217522987,55.944191778040114,null
68,-3.185185217522987,55.944191778040114,100,-3.185237311976287,55.94448722036602,acid.chair.butter
69,-3.185237311976287,55.94448722036602,200,-3.1855192197625226,55.94438461432302,null
70,-3.1855192197625226,55.94438461432302,190,-3.1858146620884265,55.94433251986972,null
71,-3.1858146620884265,55.94433251986972,200,-3.186096569874662,55.94422991382672,organs.shape.fantastic
72,-3.186096569874662,55.94422991382672,100,-3.186148664327962,55.944525356152624,null
73,-3.186148664327962,55.944525356152624,100,-3.186200758781262,55.94482079847853,null
74,-3.186200758781262,55.94482079847853,100,-3.186252853234562,55.94511624080444,null
75,-3.186252853234562,55.94511624080444,90,-3.186252853234562,55.94541624080444,null
76,-3.186252853234562,55.94541624080444,100,-3.186304947687862,55.94571168313035,posts.kicked.universally
77,-3.186304947687862,55.94571168313035,0,-3.186004947687862,55.94571168313035,null
78,-3.186004947687862,55.94571168313035,10,-3.185709505361958,55.94576377758365,shed.desire.muddy
79,-3.185709505361958,55.94576377758365,330,-3.1854496977408226,55.94561377758365,null
80,-3.1854496977408226,55.94561377758365,330,-3.185189890119687,55.945463777583655,null
81,-3.185189890119687,55.945463777583655,320,-3.1849600767867514,55.94527094130075,null
82,-3.1849600767867514,55.94527094130075,330,-3.184700269165616,55.94512094130075,null
83,-3.184700269165616,55.94512094130075,320,-3.18447045583268,55.944928105017844,sports.topic.clocks
84,-3.18447045583268,55.944928105017844,180,-3.1847704558326804,55.944928105017844,null
85,-3.1847704558326804,55.944928105017844,180,-3.1850704558326806,55.944928105017844,null
86,-3.1850704558326806,55.944928105017844,180,-3.1853704558326807,55.944928105017844,null
87,-3.1853704558326807,55.944928105017844,180,-3.185670455832681,55.944928105017844,null
88,-3.185670455832681,55.944928105017844,180,-3.185970455832681,55.944928105017844,null
89,-3.185970455832681,55.944928105017844,180,-3.1862704558326813,55.944928105017844,null
90,-3.1862704558326813,55.944928105017844,180,-3.1865704558326815,55.944928105017844,null
91,-3.1865704558326815,55.944928105017844,130,-3.1867632921155873,55.94515791835078,null
92,-3.1867632921155873,55.94515791835078,130,-3.186956128398493,55.94538773168372,null
93,-3.186956128398493,55.94538773168372,150,-3.1872159360196286,55.945537731683714,null
94,-3.1872159360196286,55.945537731683714,180,-3.187515936019629,55.945537731683714,null
95,-3.187515936019629,55.945537731683714,190,-3.1878113783455326,55.94548563723041,null
96,-3.1878113783455326,55.94548563723041,180,-3.188111378345533,55.94548563723041,null
97,-3.188111378345533,55.94548563723041,190,-3.1884068206714367,55.94543354277711,null
98,-3.1884068206714367,55.94543354277711,180,-3.188706820671437,55.94543354277711,null
99,-3.188706820671437,55.94543354277711,190,-3.1890022629973407,55.94538144832381,null
100,-3.1890022629973407,55.94538144832381,180,-3.189302262997341,55.94538144832381,null
101,-3.189302262997341,55.94538144832381,190,-3.1895977053232447,55.945329353870505,null
102,-3.1895977053232447,55.945329353870505,180,-3.189897705323245,55.945329353870505,null
103,-3.189897705323245,55.945329353870505,190,-3.1901931476491487,55.9452772594172,null
104,-3.1901931476491487,55.9452772594172,180,-3.190493147649149,55.9452772594172,null
105,-3.190493147649149,55.9452772594172,190,-3.1907885899750528,55.9452251649639,null
106,-3.1907885899750528,55.9452251649639,180,-3.191088589975053,55.9452251649639,null
107,-3.191088589975053,55.9452251649639,190,-3.191384032300957,55.9451730705106,null
108,-3.191384032300957,55.9451730705106,180,-3.191684032300957,55.9451730705106,null
109,-3.191684032300957,55.9451730705106,190,-3.191979474626861,55.9451209760573,null
110,-3.191979474626861,55.9451209760573,180,-3.192279474626861,55.9451209760573,useful.hike.trades
111,-3.192279474626861,55.9451209760573,350,-3.191984032300957,55.945068881603994,null
112,-3.191984032300957,55.945068881603994,350,-3.1916885899750533,55.94501678715069,null
113,-3.1916885899750533,55.94501678715069,350,-3.1913931476491495,55.94496469269739,null
114,-3.1913931476491495,55.94496469269739,350,-3.1910977053232457,55.94491259824409,null
115,-3.1910977053232457,55.94491259824409,350,-3.190802262997342,55.944860503790785,null
116,-3.190802262997342,55.944860503790785,350,-3.190506820671438,55.94480840933748,null
117,-3.190506820671438,55.94480840933748,350,-3.190211378345534,55.94475631488418,null
118,-3.190211378345534,55.94475631488418,350,-3.1899159360196303,55.94470422043088,null
119,-3.1899159360196303,55.94470422043088,350,-3.1896204936937265,55.944652125977576,null
120,-3.1896204936937265,55.944652125977576,350,-3.1893250513678226,55.944600031524274,null
121,-3.1893250513678226,55.944600031524274,350,-3.189029609041919,55.94454793707097,null
122,-3.189029609041919,55.94454793707097,350,-3.188734166716015,55.94449584261767,null
