1,-3.188396,55.944425,260,-3.1884480944533,55.944129557674096,trades.rare.cable
2,-3.1884480944533,55.944129557674096,170,-3.188743536779204,55.9441816521274,null
3,-3.188743536779204,55.9441816521274,180,-3.189043536779204,55.9441816521274,spoon.invest.every
4,-3.189043536779204,55.9441816521274,100,-3.189095631232504,55.944477094453305,null
5,-3.189095631232504,55.944477094453305,100,-3.189147725685804,55.94477253677921,null
6,-3.189147725685804,55.94477253677921,100,-3.189199820139104,55.94506797910512,number.exist.rate
7,-3.189199820139104,55.94506797910512,10,-3.1889043778132002,55.94512007355842,null
8,-3.1889043778132002,55.94512007355842,10,-3.1886089354872964,55.94517216801172,rooms.lamp.teach
9,-3.1886089354872964,55.94517216801172,130,-3.188801771770202,55.94540198134466,shady.soft.phones
10,-3.188801771770202,55.94540198134466,10,-3.1885063294442983,55.94545407579796,skills.less.herb
11,-3.1885063294442983,55.94545407579796,170,-3.188801771770202,55.945506170251264,null
12,-3.188801771770202,55.945506170251264,160,-3.189083679556438,55.945608776294264,null
13,-3.189083679556438,55.945608776294264,170,-3.1893791218823417,55.94566087074757,museum.spicy.horns
14,-3.1893791218823417,55.94566087074757,90,-3.1893791218823417,55.94596087074757,coherent.saints.stuck
15,-3.1893791218823417,55.94596087074757,170,-3.1896745642082456,55.94601296520087,null
16,-3.1896745642082456,55.94601296520087,180,-3.1899745642082458,55.94601296520087,love.behind.orchestra
17,-3.1899745642082458,55.94601296520087,180,-3.190274564208246,55.94601296520087,null
18,-3.190274564208246,55.94601296520087,180,-3.190574564208246,55.94601296520087,null
19,-3.190574564208246,55.94601296520087,180,-3.1908745642082463,55.94601296520087,null
20,-3.1908745642082463,55.94601296520087,190,-3.19117000653415,55.94596087074757,simple.rust.audio
21,-3.19117000653415,55.94596087074757,240,-3.1913200065341503,55.945701063126435,null
22,-3.1913200065341503,55.945701063126435,240,-3.1914700065341504,55.9454412555053,null
23,-3.1914700065341504,55.9454412555053,240,-3.1916200065341505,55.94518144788417,hills.feels.tunes
24,-3.1916200065341505,55.94518144788417,190,-3.1919154488600543,55.945129353430865,null
25,-3.1919154488600543,55.945129353430865,180,-3.1922154488600545,55.945129353430865,useful.hike.trades
26,-3.1922154488600545,55.945129353430865,320,-3.191985635527119,55.94493651714796,null
27,-3.191985635527119,55.94493651714796,320,-3.191755822194183,55.94474368086505,null
28,-3.191755822194183,55.94474368086505,320,-3.1915260088612474,55.944550844582146,null
29,-3.1915260088612474,55.944550844582146,330,-3.191266201240112,55.94440084458215,null
30,-3.191266201240112,55.94440084458215,320,-3.191036387907176,55.94420800829924,null
31,-3.191036387907176,55.94420800829924,330,-3.1907765802860406,55.944058008299244,null
32,-3.1907765802860406,55.944058008299244,320,-3.190546766953105,55.94386517201634,null
33,-3.190546766953105,55.94386517201634,330,-3.1902869593319694,55.94371517201634,sculpture.shot.melon
34,-3.1902869593319694,55.94371517201634,290,-3.1901843532889718,55.9434332642301,arts.dish.scarcely
35,-3.1901843532889718,55.9434332642301,300,-3.1900343532889717,55.94317345660897,null
36,-3.1900343532889717,55.94317345660897,300,-3.1898843532889716,55.94291364898783,second.launch.miles
37,-3.1898843532889716,55.94291364898783,190,-3.1901797956148754,55.94286155453453,null
38,-3.1901797956148754,55.94286155453453,190,-3.1904752379407793,55.94280946008123,tonic.bliss.cove
39,-3.1904752379407793,55.94280946008123,130,-3.190668074223685,55.943039273414165,relate.chill.vest
40,-3.190668074223685,55.943039273414165,210,-3.1909278818448206,55.94288927341417,null
41,-3.1909278818448206,55.94288927341417,210,-3.191187689465956,55.94273927341417,along.spill.limp
42,-3.191187689465956,55.94273927341417,10,-3.1908922471400523,55.94279136786747,null
43,-3.1908922471400523,55.94279136786747,10,-3.1905968048141484,55.94284346232077,null
44,-3.1905968048141484,55.94284346232077,10,-3.1903013624882446,55.942895556774076,null
45,-3.1903013624882446,55.942895556774076,10,-3.1900059201623407,55.94294765122738,null
46,-3.1900059201623407,55.94294765122738,20,-3.189724012376105,55.94305025727038,null
47,-3.189724012376105,55.94305025727038,10,-3.189428570050201,55.94310235172368,null
48,-3.189428570050201,55.94310235172368,20,-3.1891466622639655,55.94320495776668,null
49,-3.1891466622639655,55.94320495776668,10,-3.1888512199380616,55.943257052219984,null
50,-3.1888512199380616,55.943257052219984,20,-3.188569312151826,55.943359658262985,null
51,-3.188569312151826,55.943359658262985,10,-3.188273869825922,55.94341175271629,null
52,-3.188273869825922,55.94341175271629,20,-3.1879919620396864,55.94351435875929,scare.cubs.resort
53,-3.1879919620396864,55.94351435875929,40,-3.1877621487067507,55.943707195042194,null
54,-3.1877621487067507,55.943707195042194,30,-3.187502341085615,55.94385719504219,begins.spider.drips
55,-3.187502341085615,55.94385719504219,10,-3.1872068987597113,55.943909289495494,null
56,-3.1872068987597113,55.943909289495494,20,-3.1869249909734756,55.944011895538495,renew.ears.tend
57,-3.1869249909734756,55.944011895538495,10,-3.1866295486475718,55.9440639899918,lime.learns.front
58,-3.1866295486475718,55.9440639899918,10,-3.186334106321668,55.9441160844451,null
59,-3.186334106321668,55.9441160844451,330,-3.1860742987005324,55.9439660844451,teams.mild.played
60,-3.1860742987005324,55.9439660844451,140,-3.186304112033468,55.94415892072801,null
61,-3.186304112033468,55.94415892072801,80,-3.186252017580168,55.944454363053914,null
62,-3.186252017580168,55.944454363053914,150,-3.1865118252013036,55.94460436305391,null
63,-3.1865118252013036,55.94460436305391,190,-3.1868072675272074,55.94455226860061,artist.gets.react
64,-3.1868072675272074,55.94455226860061,50,-3.1866144312443017,55.944782081933546,laws.merit.bleak
65,-3.1866144312443017,55.944782081933546,110,-3.1867170372872993,55.945063989719785,null
66,-3.1867170372872993,55.945063989719785,120,-3.1868670372872994,55.94532379734092,spent.spoon.bolt
67,-3.1868670372872994,55.94532379734092,130,-3.187059873570205,55.945553610673855,null
68,-3.187059873570205,55.945553610673855,150,-3.1873196811913407,55.94570361067385,diner.leaves.mutual
69,-3.1873196811913407,55.94570361067385,220,-3.1875494945242764,55.94551077439095,null
70,-3.1875494945242764,55.94551077439095,190,-3.18784493685018,55.945458679937644,null
71,-3.18784493685018,55.945458679937644,240,-3.1879949368501803,55.94519887231651,null
72,-3.1879949368501803,55.94519887231651,300,-3.18784493685018,55.944939064695376,null
73,-3.18784493685018,55.944939064695376,300,-3.18769493685018,55.94467925707424,null
74,-3.18769493685018,55.94467925707424,330,-3.1874351292290446,55.944529257074244,only.fairly.rift
75,-3.1874351292290446,55.944529257074244,280,-3.1873830347757446,55.94423381474834,null
76,-3.1873830347757446,55.94423381474834,280,-3.1873309403224446,55.94393837242243,null
77,-3.1873309403224446,55.94393837242243,280,-3.1872788458691446,55.94364293009652,null
78,-3.1872788458691446,55.94364293009652,280,-3.1872267514158446,55.943347487770616,scale.chair.kinds
79,-3.1872267514158446,55.943347487770616,290,-3.187124145372847,55.94306557998438,null
80,-3.187124145372847,55.94306557998438,290,-3.1870215393298493,55.94278367219814,strut.river.surely
81,-3.1870215393298493,55.94278367219814,0,-3.186721539329849,55.94278367219814,null
82,-3.186721539329849,55.94278367219814,0,-3.186421539329849,55.94278367219814,under.retire.bump
83,-3.186421539329849,55.94278367219814,30,-3.1861617317087134,55.94293367219814,null
84,-3.1861617317087134,55.94293367219814,30,-3.185901924087578,55.943083672198135,null
85,-3.185901924087578,55.943083672198135,30,-3.1856421164664424,55.94323367219813,null
86,-3.1856421164664424,55.94323367219813,30,-3.185382308845307,55.94338367219813,null
87,-3.185382308845307,55.94338367219813,30,-3.1851225012241713,55.94353367219813,null
88,-3.1851225012241713,55.94353367219813,40,-3.1848926878912356,55.943726508481035,null
89,-3.1848926878912356,55.943726508481035,30,-3.1846328802701,55.94387650848103,rider.mile.lime
90,-3.1846328802701,55.94387650848103,90,-3.1846328802701,55.944176508481036,null
91,-3.1846328802701,55.944176508481036,80,-3.1845807858168,55.94447195080694,null
92,-3.1845807858168,55.94447195080694,90,-3.1845807858168,55.944771950806945,null
93,-3.1845807858168,55.944771950806945,80,-3.1845286913635,55.94506739313285,null
94,-3.1845286913635,55.94506739313285,90,-3.1845286913635,55.945367393132855,settle.title.united
95,-3.1845286913635,55.945367393132855,190,-3.184824133689404,55.94531529867955,null
96,-3.184824133689404,55.94531529867955,190,-3.1851195760153077,55.94526320422625,null
97,-3.1851195760153077,55.94526320422625,190,-3.1854150183412115,55.94521110977295,null
98,-3.1854150183412115,55.94521110977295,190,-3.1857104606671154,55.945159015319646,null
99,-3.1857104606671154,55.945159015319646,200,-3.185992368453351,55.945056409276646,null
100,-3.185992368453351,55.945056409276646,190,-3.186287810779255,55.94500431482334,null
101,-3.186287810779255,55.94500431482334,200,-3.1865697185654906,55.94490170878034,null
102,-3.1865697185654906,55.94490170878034,190,-3.1868651608913945,55.94484961432704,null
103,-3.1868651608913945,55.94484961432704,70,-3.186762554848397,55.94513152211328,null
104,-3.186762554848397,55.94513152211328,130,-3.1869553911313027,55.945361335446215,null
105,-3.1869553911313027,55.945361335446215,140,-3.1871852044642384,55.94555417172912,null
106,-3.1871852044642384,55.94555417172912,190,-3.187480646790142,55.94550207727582,null
107,-3.187480646790142,55.94550207727582,180,-3.1877806467901424,55.94550207727582,null
108,-3.1877806467901424,55.94550207727582,190,-3.1880760891160462,55.94544998282252,null
109,-3.1880760891160462,55.94544998282252,250,-3.188178695159044,55.94516807503628,null
110,-3.188178695159044,55.94516807503628,250,-3.1882813012020415,55.94488616725004,null
